{
  "nbformat": 4,
  "nbformat_minor": 0,
  "metadata": {
    "colab": {
      "name": "Untitled6.ipynb",
      "provenance": [],
      "collapsed_sections": []
    },
    "kernelspec": {
      "name": "python3",
      "display_name": "Python 3"
    }
  },
  "cells": [
    {
      "cell_type": "code",
      "metadata": {
        "id": "7jxFG_cO3zzI",
        "colab_type": "code",
        "colab": {}
      },
      "source": [
        "import numpy as np"
      ],
      "execution_count": 22,
      "outputs": []
    },
    {
      "cell_type": "code",
      "metadata": {
        "id": "cDauHqZE37NV",
        "colab_type": "code",
        "colab": {}
      },
      "source": [
        "a = np.random.rand(5,4)*100\n",
        "b = np.random.rand(3,4)*100"
      ],
      "execution_count": 23,
      "outputs": []
    },
    {
      "cell_type": "code",
      "metadata": {
        "id": "-DXoiKjX4D7x",
        "colab_type": "code",
        "colab": {
          "base_uri": "https://localhost:8080/",
          "height": 104
        },
        "outputId": "1508b05f-4623-4774-9934-6f4dd62ef998"
      },
      "source": [
        "print(a)"
      ],
      "execution_count": 24,
      "outputs": [
        {
          "output_type": "stream",
          "text": [
            "[[88.63295153 93.53813644 85.44744237 12.81422181]\n",
            " [59.56772495 77.19126043 12.58361084 98.71550307]\n",
            " [92.92212244 29.18719595 30.3758058  61.56195572]\n",
            " [13.33736281 72.97526373 79.33618078 23.21640625]\n",
            " [88.07805173 29.02106491 99.21752536 64.65396395]]\n"
          ],
          "name": "stdout"
        }
      ]
    },
    {
      "cell_type": "code",
      "metadata": {
        "id": "kc9KPdua4SA4",
        "colab_type": "code",
        "colab": {
          "base_uri": "https://localhost:8080/",
          "height": 69
        },
        "outputId": "6c825632-964a-44fd-a18a-bea863388a56"
      },
      "source": [
        "print(b)"
      ],
      "execution_count": 25,
      "outputs": [
        {
          "output_type": "stream",
          "text": [
            "[[50.65953365 47.78635793 31.54356837 14.26897573]\n",
            " [15.00943818 78.64929108 71.02313208 99.45249584]\n",
            " [72.25273758 71.66753308 53.24387995 81.03681056]]\n"
          ],
          "name": "stdout"
        }
      ]
    },
    {
      "cell_type": "code",
      "metadata": {
        "id": "N8jgjNZ25X4F",
        "colab_type": "code",
        "colab": {}
      },
      "source": [
        "c = np.concatenate((a, b))"
      ],
      "execution_count": 26,
      "outputs": []
    },
    {
      "cell_type": "code",
      "metadata": {
        "id": "beZMuNF85zw_",
        "colab_type": "code",
        "colab": {
          "base_uri": "https://localhost:8080/",
          "height": 156
        },
        "outputId": "820c41e2-080a-40bc-df9d-5710a261b409"
      },
      "source": [
        "print(c)"
      ],
      "execution_count": 27,
      "outputs": [
        {
          "output_type": "stream",
          "text": [
            "[[88.63295153 93.53813644 85.44744237 12.81422181]\n",
            " [59.56772495 77.19126043 12.58361084 98.71550307]\n",
            " [92.92212244 29.18719595 30.3758058  61.56195572]\n",
            " [13.33736281 72.97526373 79.33618078 23.21640625]\n",
            " [88.07805173 29.02106491 99.21752536 64.65396395]\n",
            " [50.65953365 47.78635793 31.54356837 14.26897573]\n",
            " [15.00943818 78.64929108 71.02313208 99.45249584]\n",
            " [72.25273758 71.66753308 53.24387995 81.03681056]]\n"
          ],
          "name": "stdout"
        }
      ]
    },
    {
      "cell_type": "code",
      "metadata": {
        "id": "FZyrcXXt5_dW",
        "colab_type": "code",
        "colab": {}
      },
      "source": [
        "d = np.random.rand(10,10)*5"
      ],
      "execution_count": 28,
      "outputs": []
    },
    {
      "cell_type": "code",
      "metadata": {
        "id": "mcKXfpYY6Gtp",
        "colab_type": "code",
        "colab": {
          "base_uri": "https://localhost:8080/",
          "height": 364
        },
        "outputId": "c8948531-5345-4f3f-c757-8cf97a263bf4"
      },
      "source": [
        "print(d)"
      ],
      "execution_count": 29,
      "outputs": [
        {
          "output_type": "stream",
          "text": [
            "[[4.14743602 4.31165422 3.6553145  0.98047744 3.43693073 0.81274662\n",
            "  0.09603674 1.93497169 0.4615175  4.54195294]\n",
            " [0.9947483  1.39671239 0.10463506 4.92787021 1.95921838 4.85816027\n",
            "  2.88473472 3.28805365 1.04410294 1.90438046]\n",
            " [0.65128464 1.09060522 1.0956497  2.30368236 3.69027976 3.95518758\n",
            "  1.10526694 0.64423985 1.34130526 1.30395928]\n",
            " [2.74037866 3.74276164 4.5917006  2.33404909 0.36085527 4.22001919\n",
            "  1.17153985 1.10553184 3.65613848 1.98954565]\n",
            " [3.440352   2.58366806 4.25563633 4.11820781 3.44584708 1.17573987\n",
            "  4.89689931 2.88274295 4.00787558 0.19501398]\n",
            " [0.25993183 2.56596711 3.10284344 0.67671061 1.11978791 0.38779975\n",
            "  1.45155387 0.45799112 1.84147959 4.45378   ]\n",
            " [1.39108951 0.79550703 3.36144478 4.7994045  2.50630006 0.83277921\n",
            "  3.80555283 3.53315716 3.88869471 1.39208881]\n",
            " [4.79672072 0.28171832 2.15599488 1.11342321 1.32555892 0.78474818\n",
            "  1.36926513 3.12864813 0.25024183 4.84891039]\n",
            " [3.18871675 2.64581348 2.24353763 1.70982135 1.19690025 3.33097416\n",
            "  3.76684674 3.00112946 4.47768186 2.19692928]\n",
            " [0.18618623 1.86179991 3.71992631 1.15056459 3.94963307 4.76241798\n",
            "  4.16300006 2.7912158  4.76751114 3.15511184]]\n"
          ],
          "name": "stdout"
        }
      ]
    },
    {
      "cell_type": "code",
      "metadata": {
        "id": "XLBtt4pn6gB7",
        "colab_type": "code",
        "colab": {
          "base_uri": "https://localhost:8080/",
          "height": 86
        },
        "outputId": "b23d22b9-61ab-4f6f-97b5-71cff991273f"
      },
      "source": [
        "print(np.matrix.transpose(a))"
      ],
      "execution_count": 30,
      "outputs": [
        {
          "output_type": "stream",
          "text": [
            "[[88.63295153 59.56772495 92.92212244 13.33736281 88.07805173]\n",
            " [93.53813644 77.19126043 29.18719595 72.97526373 29.02106491]\n",
            " [85.44744237 12.58361084 30.3758058  79.33618078 99.21752536]\n",
            " [12.81422181 98.71550307 61.56195572 23.21640625 64.65396395]]\n"
          ],
          "name": "stdout"
        }
      ]
    },
    {
      "cell_type": "code",
      "metadata": {
        "id": "PXWlwa6J6mXy",
        "colab_type": "code",
        "colab": {
          "base_uri": "https://localhost:8080/",
          "height": 86
        },
        "outputId": "640d55ba-4060-4b22-f887-16991029ea41"
      },
      "source": [
        "print(np.matrix.transpose(b))"
      ],
      "execution_count": 31,
      "outputs": [
        {
          "output_type": "stream",
          "text": [
            "[[50.65953365 15.00943818 72.25273758]\n",
            " [47.78635793 78.64929108 71.66753308]\n",
            " [31.54356837 71.02313208 53.24387995]\n",
            " [14.26897573 99.45249584 81.03681056]]\n"
          ],
          "name": "stdout"
        }
      ]
    },
    {
      "cell_type": "code",
      "metadata": {
        "id": "UJt3tLWO6mi0",
        "colab_type": "code",
        "colab": {
          "base_uri": "https://localhost:8080/",
          "height": 156
        },
        "outputId": "7d4c8916-2348-4984-c0a8-eed94062019c"
      },
      "source": [
        "print(np.matrix.transpose(c))"
      ],
      "execution_count": 32,
      "outputs": [
        {
          "output_type": "stream",
          "text": [
            "[[88.63295153 59.56772495 92.92212244 13.33736281 88.07805173 50.65953365\n",
            "  15.00943818 72.25273758]\n",
            " [93.53813644 77.19126043 29.18719595 72.97526373 29.02106491 47.78635793\n",
            "  78.64929108 71.66753308]\n",
            " [85.44744237 12.58361084 30.3758058  79.33618078 99.21752536 31.54356837\n",
            "  71.02313208 53.24387995]\n",
            " [12.81422181 98.71550307 61.56195572 23.21640625 64.65396395 14.26897573\n",
            "  99.45249584 81.03681056]]\n"
          ],
          "name": "stdout"
        }
      ]
    },
    {
      "cell_type": "code",
      "metadata": {
        "id": "nFj3dMau6mt1",
        "colab_type": "code",
        "colab": {
          "base_uri": "https://localhost:8080/",
          "height": 364
        },
        "outputId": "c255adf1-888f-4b6f-c240-2c0f851ee961"
      },
      "source": [
        "print(np.matrix.transpose(d))"
      ],
      "execution_count": 33,
      "outputs": [
        {
          "output_type": "stream",
          "text": [
            "[[4.14743602 0.9947483  0.65128464 2.74037866 3.440352   0.25993183\n",
            "  1.39108951 4.79672072 3.18871675 0.18618623]\n",
            " [4.31165422 1.39671239 1.09060522 3.74276164 2.58366806 2.56596711\n",
            "  0.79550703 0.28171832 2.64581348 1.86179991]\n",
            " [3.6553145  0.10463506 1.0956497  4.5917006  4.25563633 3.10284344\n",
            "  3.36144478 2.15599488 2.24353763 3.71992631]\n",
            " [0.98047744 4.92787021 2.30368236 2.33404909 4.11820781 0.67671061\n",
            "  4.7994045  1.11342321 1.70982135 1.15056459]\n",
            " [3.43693073 1.95921838 3.69027976 0.36085527 3.44584708 1.11978791\n",
            "  2.50630006 1.32555892 1.19690025 3.94963307]\n",
            " [0.81274662 4.85816027 3.95518758 4.22001919 1.17573987 0.38779975\n",
            "  0.83277921 0.78474818 3.33097416 4.76241798]\n",
            " [0.09603674 2.88473472 1.10526694 1.17153985 4.89689931 1.45155387\n",
            "  3.80555283 1.36926513 3.76684674 4.16300006]\n",
            " [1.93497169 3.28805365 0.64423985 1.10553184 2.88274295 0.45799112\n",
            "  3.53315716 3.12864813 3.00112946 2.7912158 ]\n",
            " [0.4615175  1.04410294 1.34130526 3.65613848 4.00787558 1.84147959\n",
            "  3.88869471 0.25024183 4.47768186 4.76751114]\n",
            " [4.54195294 1.90438046 1.30395928 1.98954565 0.19501398 4.45378\n",
            "  1.39208881 4.84891039 2.19692928 3.15511184]]\n"
          ],
          "name": "stdout"
        }
      ]
    }
  ]
}